1 327 26391
2 342 27274
3 330 27732
4 331 26946
5 337 27274
1 321 28275
2 329 29170
3 325 28922
4 314 28627
5 322 27925
1 312 28500
2 315 28611
3 326 28243
4 321 28552
5 319 28137
1 319 28128
2 315 28372
3 321 28145
4 319 28182
5 322 28856
1 305 29734
2 308 29778
3 307 28735
4 299 29931
5 309 29019
1 322 29164
2 315 28354
3 317 28792
4 311 27716
5 316 28385
1 330 26472
2 330 27696
3 315 27297
4 322 27255
5 320 28117
1 313 28993
2 306 29817
3 296 29378
4 298 30149
5 302 29834
1 301 28718
2 298 29666
3 303 29028
4 305 29070
5 305 29318
1 294 30300
2 300 29799
3 304 30123
4 293 29742
5 305 30301
1 327 26592
2 321 27570
3 332 26386
4 329 27641
5 327 27138
1 334 26779
2 326 26185
3 335 26264
4 338 26754
5 343 25050
1 350 26582
2 341 26417
3 333 25809
4 338 26934
5 341 27167
1 300 30336
2 288 31512
3 298 30721
4 285 30838
5 295 30289
1 316 28750
2 315 27913
3 320 28265
4 327 27294
5 317 28193
1 301 28966
2 299 30346
3 308 30302
4 315 28376
5 305 29419
1 304 29248
2 301 29415
3 303 29105
4 309 29319
5 313 29886
1 312 29427
2 309 29869
3 317 28983
4 311 29870
5 311 27900
1 318 29225
2 313 29572
3 318 29000
4 317 28330
5 328 28822
1 320 26668
2 322 28155
3 319 28576
4 321 28869
5 317 27842
1 314 28016
2 318 29091
3 321 28146
4 314 27680
5 317 28312
1 305 28380
2 320 28233
3 311 28605
4 312 29907
5 306 29409
1 290 30487
2 299 30673
3 288 30213
4 287 30081
5 295 30016
1 332 25987
2 327 27064
3 336 28119
4 334 27301
5 322 27328
1 294 30523
2 293 31185
3 291 29695
4 299 30451
5 297 31448
1 333 27010
2 339 26323
3 325 27727
4 335 27076
5 334 27262
1 311 29072
2 315 27789
3 315 28893
4 316 28121
5 315 27139
1 304 28201
2 301 28804
3 298 30779
4 303 29420
5 296 29539
1 330 28190
2 323 27817
3 319 27882
4 326 27783
5 323 27666
1 313 28515
2 312 28948
3 314 29061
4 307 29054
5 311 29120
1 311 29062
2 304 28661
3 311 28361
4 322 28389
5 318 28870
1 312 28331
2 316 28111
3 317 28970
4 303 28840
5 313 29374
1 303 29696
2 314 29550
3 311 29416
4 311 29299
5 304 30315
1 329 27266
2 325 27744
3 326 27934
4 329 28204
5 321 27723
1 300 29496
2 300 30608
3 294 30952
4 302 30819
5 295 31891
1 306 28144
2 304 28683
3 308 29987
4 310 30606
5 312 29595
1 295 30040
2 305 30130
3 306 30454
4 306 29539
5 298 29713
1 333 27403
2 324 26520
3 320 28025
4 334 26666
5 328 28022
1 309 29827
2 303 29585
3 310 29905
4 303 29496
5 306 29287
1 292 31093
2 297 31119
3 289 29324
4 300 31165
5 305 29833
1 341 26683
2 331 27154
3 336 28289
4 331 28912
5 320 27633
1 320 27568
2 320 27303
3 328 27833
4 322 26660
5 318 27562
1 308 29211
2 305 29061
3 304 29051
4 309 29387
5 305 29771
1 312 30425
2 306 29728
3 309 29545
4 300 29973
5 297 30586
1 314 27059
2 322 27038
3 327 27623
4 315 27901
5 325 26874
1 312 28389
2 317 27860
3 326 27484
4 318 28983
5 317 28390
1 321 27806
2 313 28312
3 319 28462
4 317 27829
5 318 27846
1 314 28960
2 307 30295
3 316 29093
4 303 29633
5 312 28742
1 303 29778
2 295 30997
3 310 30695
4 302 30799
5 309 28701
1 295 29108
2 300 30687
3 303 29782
4 299 29578
5 302 30981
